================================================================================
Repository Count by Language and Year
================================================================================

Generated: 2025-12-27 04:12:52 UTC

Languages analyzed: C++, Python, Java, JavaScript, TypeScript
Year range: 2010-2025
Stars threshold: 10+

================================================================================

Language: C++
--------------------------------------------------------------------------------
Year       All Repos       Stars 10+ Percentage
--------------------------------------------------------------------------------
2010       5,734           1,063           18.54%
2011       15,162          2,215           14.61%
2012       32,990          3,725           11.29%
2013       64,484          5,518           8.56 %
2014       102,302         7,111           6.95 %
2015       169,729         9,559           5.63 %
2016       214,742         10,294          4.79 %
2017       280,200         11,898          4.25 %
2018       375,184         12,743          3.40 %
2019       411,762         12,960          3.15 %
2020       484,392         13,805          2.85 %
2021       527,704         11,843          2.24 %
2022       681,284         10,749          1.58 %
2023       852,365         9,550           1.12 %
2024       964,468         7,632           0.79 %
2025       1,122,446       4,724           0.42 %

Language: Python
--------------------------------------------------------------------------------
Year       All Repos       Stars 10+ Percentage
--------------------------------------------------------------------------------
2010       15,647          2,910           18.60%
2011       34,943          5,403           15.46%
2012       65,719          8,141           12.39%
2013       116,966         10,667          9.12 %
2014       188,230         13,187          7.01 %
2015       303,197         17,444          5.75 %
2016       446,394         22,381          5.01 %
2017       700,098         31,555          4.51 %
2018       993,223         39,873          4.01 %
2019       1,233,122       44,176          3.58 %
2020       1,744,462       51,280          2.94 %
2021       2,081,266       47,884          2.30 %
2022       2,548,363       44,523          1.75 %
2023       3,313,560       51,490          1.55 %
2024       4,187,326       47,967          1.15 %
2025       7,185,145       39,976          0.56 %

Language: Java
--------------------------------------------------------------------------------
Year       All Repos       Stars 10+ Percentage
--------------------------------------------------------------------------------
2010       12,224          1,614           13.20%
2011       38,105          3,530           9.26 %
2012       88,311          5,140           5.82 %
2013       173,483         7,293           4.20 %
2014       317,327         9,963           3.14 %
2015       599,465         13,693          2.28 %
2016       895,556         17,277          1.93 %
2017       1,215,173       17,443          1.44 %
2018       1,473,397       14,949          1.01 %
2019       1,600,012       12,526          0.78 %
2020       1,773,995       11,095          0.63 %
2021       1,845,919       8,693           0.47 %
2022       2,206,606       7,497           0.34 %
2023       2,440,192       6,327           0.26 %
2024       2,435,658       4,709           0.19 %
2025       2,758,516       4,407           0.16 %

Language: JavaScript
--------------------------------------------------------------------------------
Year       All Repos       Stars 10+ Percentage
--------------------------------------------------------------------------------
2010       19,703          3,502           17.77%
2011       50,069          7,354           14.69%
2012       123,324         12,280          9.96 %
2013       247,204         17,759          7.18 %
2014       401,061         23,140          5.77 %
2015       617,607         28,303          4.58 %
2016       971,632         31,137          3.20 %
2017       1,397,962       33,814          2.42 %
2018       1,836,680       31,719          1.73 %
2019       2,130,049       27,140          1.27 %
2020       3,376,788       27,860          0.83 %
2021       4,507,132       22,186          0.49 %
2022       5,196,300       18,729          0.36 %
2023       6,012,863       16,775          0.28 %
2024       6,385,355       13,140          0.21 %
2025       7,747,445       11,826          0.15 %

Language: TypeScript
--------------------------------------------------------------------------------
Year       All Repos       Stars 10+ Percentage
--------------------------------------------------------------------------------
2010       69              43              62.32%
2011       187             108             57.75%
2012       436             232             53.21%
2013       1,763           483             27.40%
2014       4,416           791             17.91%
2015       7,781           1,915           24.61%
2016       44,183          4,533           10.26%
2017       155,581         7,205           4.63 %
2018       271,445         9,319           3.43 %
2019       360,455         12,255          3.40 %
2020       593,184         16,438          2.77 %
2021       836,460         17,545          2.10 %
2022       1,215,682       19,198          1.58 %
2023       1,700,618       20,886          1.23 %
2024       2,357,198       18,356          0.78 %
2025       4,800,295       18,074          0.38 %

================================================================================
Summary (All Languages Combined)
================================================================================
Year       All Repos       Stars 10+ Percentage
--------------------------------------------------------------------------------
2010       53,377          9,132           17.11%
2011       138,466         18,610          13.44%
2012       310,780         29,518          9.50 %
2013       603,900         41,720          6.91 %
2014       1,013,336       54,192          5.35 %
2015       1,697,779       70,914          4.18 %
2016       2,572,507       85,622          3.33 %
2017       3,749,014       101,915         2.72 %
2018       4,949,929       108,603         2.19 %
2019       5,735,400       109,057         1.90 %
2020       7,972,821       120,478         1.51 %
2021       9,798,481       108,151         1.10 %
2022       11,848,235      100,696         0.85 %
2023       14,319,598      105,028         0.73 %
2024       16,330,005      91,804          0.56 %
2025       23,613,847      79,007          0.33 %

================================================================================